cell_rhs : 0 0 0 0 0 0 0 0 0 0 0 0 0 0 0 0 0 0 0 0 0 0 0 0
system_rhs : 0 0 0 0 0 0 0 0 0 0 0 0 0 0 0 0 0 0 0 0 0 0 0 0
cell_matrix :  1.391e+03  1.011e+03  1.011e+03 -1.348e+03  9.892e+02  9.892e+02  6.739e+02 -9.892e+02  5.054e+02 -6.847e+02 -1.011e+03  4.946e+02  6.739e+02  5.054e+02 -9.892e+02 -6.847e+02  4.946e+02 -1.011e+03  3.261e+02 -4.946e+02 -4.946e+02 -3.477e+02 -5.054e+02 -5.054e+02 
 1.011e+03  1.391e+03  1.011e+03 -9.892e+02  6.739e+02  5.054e+02  9.892e+02 -1.348e+03  9.892e+02 -1.011e+03 -6.847e+02  4.946e+02  5.054e+02  6.739e+02 -9.892e+02 -4.946e+02  3.261e+02 -4.946e+02  4.946e+02 -6.847e+02 -1.011e+03 -5.054e+02 -3.477e+02 -5.054e+02 
 1.011e+03  1.011e+03  1.391e+03 -9.892e+02  5.054e+02  6.739e+02  5.054e+02 -9.892e+02  6.739e+02 -4.946e+02 -4.946e+02  3.261e+02  9.892e+02  9.892e+02 -1.348e+03 -1.011e+03  4.946e+02 -6.847e+02  4.946e+02 -1.011e+03 -6.847e+02 -5.054e+02 -5.054e+02 -3.477e+02 
-1.348e+03 -9.892e+02 -9.892e+02  1.391e+03 -1.011e+03 -1.011e+03 -6.847e+02  1.011e+03 -4.946e+02  6.739e+02  9.892e+02 -5.054e+02 -6.847e+02 -4.946e+02  1.011e+03  6.739e+02 -5.054e+02  9.892e+02 -3.477e+02  5.054e+02  5.054e+02  3.261e+02  4.946e+02  4.946e+02 
 9.892e+02  6.739e+02  5.054e+02 -1.011e+03  1.391e+03  1.011e+03  1.011e+03 -6.847e+02  4.946e+02 -9.892e+02 -1.348e+03  9.892e+02  4.946e+02  3.261e+02 -4.946e+02 -5.054e+02  6.739e+02 -9.892e+02  5.054e+02 -3.477e+02 -5.054e+02 -4.946e+02 -6.847e+02 -1.011e+03 
 9.892e+02  5.054e+02  6.739e+02 -1.011e+03  1.011e+03  1.391e+03  4.946e+02 -4.946e+02  3.261e+02 -5.054e+02 -9.892e+02  6.739e+02  1.011e+03  4.946e+02 -6.847e+02 -9.892e+02  9.892e+02 -1.348e+03  5.054e+02 -5.054e+02 -3.477e+02 -4.946e+02 -1.011e+03 -6.847e+02 
 6.739e+02  9.892e+02  5.054e+02 -6.847e+02  1.011e+03  4.946e+02  1.391e+03 -1.011e+03  1.011e+03 -1.348e+03 -9.892e+02  9.892e+02  3.261e+02  4.946e+02 -4.946e+02 -3.477e+02  5.054e+02 -5.054e+02  6.739e+02 -5.054e+02 -9.892e+02 -6.847e+02 -4.946e+02 -1.011e+03 
-9.892e+02 -1.348e+03 -9.892e+02  1.011e+03 -6.847e+02 -4.946e+02 -1.011e+03  1.391e+03 -1.011e+03  9.892e+02  6.739e+02 -5.054e+02 -4.946e+02 -6.847e+02  1.011e+03  5.054e+02 -3.477e+02  5.054e+02 -5.054e+02  6.739e+02  9.892e+02  4.946e+02  3.261e+02  4.946e+02 
 5.054e+02  9.892e+02  6.739e+02 -4.946e+02  4.946e+02  3.261e+02  1.011e+03 -1.011e+03  1.391e+03 -9.892e+02 -5.054e+02  6.739e+02  4.946e+02  1.011e+03 -6.847e+02 -5.054e+02  5.054e+02 -3.477e+02  9.892e+02 -9.892e+02 -1.348e+03 -1.011e+03 -4.946e+02 -6.847e+02 
-6.847e+02 -1.011e+03 -4.946e+02  6.739e+02 -9.892e+02 -5.054e+02 -1.348e+03  9.892e+02 -9.892e+02  1.391e+03  1.011e+03 -1.011e+03 -3.477e+02 -5.054e+02  5.054e+02  3.261e+02 -4.946e+02  4.946e+02 -6.847e+02  4.946e+02  1.011e+03  6.739e+02  5.054e+02  9.892e+02 
-1.011e+03 -6.847e+02 -4.946e+02  9.892e+02 -1.348e+03 -9.892e+02 -9.892e+02  6.739e+02 -5.054e+02  1.011e+03  1.391e+03 -1.011e+03 -5.054e+02 -3.477e+02  5.054e+02  4.946e+02 -6.847e+02  1.011e+03 -4.946e+02  3.261e+02  4.946e+02  5.054e+02  6.739e+02  9.892e+02 
 4.946e+02  4.946e+02  3.261e+02 -5.054e+02  9.892e+02  6.739e+02  9.892e+02 -5.054e+02  6.739e+02 -1.011e+03 -1.011e+03  1.391e+03  5.054e+02  5.054e+02 -3.477e+02 -4.946e+02  1.011e+03 -6.847e+02  1.011e+03 -4.946e+02 -6.847e+02 -9.892e+02 -9.892e+02 -1.348e+03 
 6.739e+02  5.054e+02  9.892e+02 -6.847e+02  4.946e+02  1.011e+03  3.261e+02 -4.946e+02  4.946e+02 -3.477e+02 -5.054e+02  5.054e+02  1.391e+03  1.011e+03 -1.011e+03 -1.348e+03  9.892e+02 -9.892e+02  6.739e+02 -9.892e+02 -5.054e+02 -6.847e+02 -1.011e+03 -4.946e+02 
 5.054e+02  6.739e+02  9.892e+02 -4.946e+02  3.261e+02  4.946e+02  4.946e+02 -6.847e+02  1.011e+03 -5.054e+02 -3.477e+02  5.054e+02  1.011e+03  1.391e+03 -1.011e+03 -9.892e+02  6.739e+02 -5.054e+02  9.892e+02 -1.348e+03 -9.892e+02 -1.011e+03 -6.847e+02 -4.946e+02 
-9.892e+02 -9.892e+02 -1.348e+03  1.011e+03 -4.946e+02 -6.847e+02 -4.946e+02  1.011e+03 -6.847e+02  5.054e+02  5.054e+02 -3.477e+02 -1.011e+03 -1.011e+03  1.391e+03  9.892e+02 -5.054e+02  6.739e+02 -5.054e+02  9.892e+02  6.739e+02  4.946e+02  4.946e+02  3.261e+02 
-6.847e+02 -4.946e+02 -1.011e+03  6.739e+02 -5.054e+02 -9.892e+02 -3.477e+02  5.054e+02 -5.054e+02  3.261e+02  4.946e+02 -4.946e+02 -1.348e+03 -9.892e+02  9.892e+02  1.391e+03 -1.011e+03  1.011e+03 -6.847e+02  1.011e+03  4.946e+02  6.739e+02  9.892e+02  5.054e+02 
 4.946e+02  3.261e+02  4.946e+02 -5.054e+02  6.739e+02  9.892e+02  5.054e+02 -3.477e+02  5.054e+02 -4.946e+02 -6.847e+02  1.011e+03  9.892e+02  6.739e+02 -5.054e+02 -1.011e+03  1.391e+03 -1.011e+03  1.011e+03 -6.847e+02 -4.946e+02 -9.892e+02 -1.348e+03 -9.892e+02 
-1.011e+03 -4.946e+02 -6.847e+02  9.892e+02 -9.892e+02 -1.348e+03 -5.054e+02  5.054e+02 -3.477e+02  4.946e+02  1.011e+03 -6.847e+02 -9.892e+02 -5.054e+02  6.739e+02  1.011e+03 -1.011e+03  1.391e+03 -4.946e+02  4.946e+02  3.261e+02  5.054e+02  9.892e+02  6.739e+02 
 3.261e+02  4.946e+02  4.946e+02 -3.477e+02  5.054e+02  5.054e+02  6.739e+02 -5.054e+02  9.892e+02 -6.847e+02 -4.946e+02  1.011e+03  6.739e+02  9.892e+02 -5.054e+02 -6.847e+02  1.011e+03 -4.946e+02  1.391e+03 -1.011e+03 -1.011e+03 -1.348e+03 -9.892e+02 -9.892e+02 
-4.946e+02 -6.847e+02 -1.011e+03  5.054e+02 -3.477e+02 -5.054e+02 -5.054e+02  6.739e+02 -9.892e+02  4.946e+02  3.261e+02 -4.946e+02 -9.892e+02 -1.348e+03  9.892e+02  1.011e+03 -6.847e+02  4.946e+02 -1.011e+03  1.391e+03  1.011e+03  9.892e+02  6.739e+02  5.054e+02 
-4.946e+02 -1.011e+03 -6.847e+02  5.054e+02 -5.054e+02 -3.477e+02 -9.892e+02  9.892e+02 -1.348e+03  1.011e+03  4.946e+02 -6.847e+02 -5.054e+02 -9.892e+02  6.739e+02  4.946e+02 -4.946e+02  3.261e+02 -1.011e+03  1.011e+03  1.391e+03  9.892e+02  5.054e+02  6.739e+02 
-3.477e+02 -5.054e+02 -5.054e+02  3.261e+02 -4.946e+02 -4.946e+02 -6.847e+02  4.946e+02 -1.011e+03  6.739e+02  5.054e+02 -9.892e+02 -6.847e+02 -1.011e+03  4.946e+02  6.739e+02 -9.892e+02  5.054e+02 -1.348e+03  9.892e+02  9.892e+02  1.391e+03  1.011e+03  1.011e+03 
-5.054e+02 -3.477e+02 -5.054e+02  4.946e+02 -6.847e+02 -1.011e+03 -4.946e+02  3.261e+02 -4.946e+02  5.054e+02  6.739e+02 -9.892e+02 -1.011e+03 -6.847e+02  4.946e+02  9.892e+02 -1.348e+03  9.892e+02 -9.892e+02  6.739e+02  5.054e+02  1.011e+03  1.391e+03  1.011e+03 
-5.054e+02 -5.054e+02 -3.477e+02  4.946e+02 -1.011e+03 -6.847e+02 -1.011e+03  4.946e+02 -6.847e+02  9.892e+02  9.892e+02 -1.348e+03 -4.946e+02 -4.946e+02  3.261e+02  5.054e+02 -9.892e+02  6.739e+02 -9.892e+02  5.054e+02  6.739e+02  1.011e+03  1.011e+03  1.391e+03 

system_matrix :  1.391e+03  0.000e+00  0.000e+00  0.000e+00  0.000e+00  0.000e+00  0.000e+00  0.000e+00  0.000e+00  0.000e+00  0.000e+00  0.000e+00  0.000e+00  0.000e+00  0.000e+00  0.000e+00  0.000e+00  0.000e+00  0.000e+00  0.000e+00  0.000e+00  0.000e+00  0.000e+00  0.000e+00 
 0.000e+00  1.391e+03  0.000e+00  0.000e+00  0.000e+00  0.000e+00  0.000e+00  0.000e+00  0.000e+00  0.000e+00  0.000e+00  0.000e+00  0.000e+00  0.000e+00  0.000e+00  0.000e+00  0.000e+00  0.000e+00  0.000e+00  0.000e+00  0.000e+00  0.000e+00  0.000e+00  0.000e+00 
 0.000e+00  0.000e+00  1.391e+03  0.000e+00  0.000e+00  0.000e+00  0.000e+00  0.000e+00  0.000e+00  0.000e+00  0.000e+00  0.000e+00  0.000e+00  0.000e+00  0.000e+00  0.000e+00  0.000e+00  0.000e+00  0.000e+00  0.000e+00  0.000e+00  0.000e+00  0.000e+00  0.000e+00 
 0.000e+00  0.000e+00  0.000e+00  1.391e+03  0.000e+00  0.000e+00  0.000e+00  0.000e+00  0.000e+00  0.000e+00  0.000e+00  0.000e+00  0.000e+00  0.000e+00  0.000e+00  0.000e+00  0.000e+00  0.000e+00  0.000e+00  0.000e+00  0.000e+00  0.000e+00  0.000e+00  0.000e+00 
 0.000e+00  0.000e+00  0.000e+00  0.000e+00  1.391e+03  0.000e+00  0.000e+00  0.000e+00  0.000e+00  0.000e+00  0.000e+00  0.000e+00  0.000e+00  0.000e+00  0.000e+00  0.000e+00  0.000e+00  0.000e+00  0.000e+00  0.000e+00  0.000e+00  0.000e+00  0.000e+00  0.000e+00 
 0.000e+00  0.000e+00  0.000e+00  0.000e+00  0.000e+00  1.391e+03  0.000e+00  0.000e+00  0.000e+00  0.000e+00  0.000e+00  0.000e+00  0.000e+00  0.000e+00  0.000e+00  0.000e+00  0.000e+00  0.000e+00  0.000e+00  0.000e+00  0.000e+00  0.000e+00  0.000e+00  0.000e+00 
 0.000e+00  0.000e+00  0.000e+00  0.000e+00  0.000e+00  0.000e+00  1.391e+03  0.000e+00  0.000e+00  0.000e+00  0.000e+00  0.000e+00  0.000e+00  0.000e+00  0.000e+00  0.000e+00  0.000e+00  0.000e+00  0.000e+00  0.000e+00  0.000e+00  0.000e+00  0.000e+00  0.000e+00 
 0.000e+00  0.000e+00  0.000e+00  0.000e+00  0.000e+00  0.000e+00  0.000e+00  1.391e+03  0.000e+00  0.000e+00  6.739e+02  0.000e+00  0.000e+00  0.000e+00  1.011e+03  0.000e+00  0.000e+00  5.054e+02  0.000e+00  6.739e+02  9.892e+02  0.000e+00  3.261e+02  4.946e+02 
 0.000e+00  0.000e+00  0.000e+00  0.000e+00  0.000e+00  0.000e+00  0.000e+00  0.000e+00  1.391e+03  0.000e+00  0.000e+00  0.000e+00  0.000e+00  0.000e+00  0.000e+00  0.000e+00  0.000e+00  0.000e+00  0.000e+00  0.000e+00  0.000e+00  0.000e+00  0.000e+00  0.000e+00 
 0.000e+00  0.000e+00  0.000e+00  0.000e+00  0.000e+00  0.000e+00  0.000e+00  0.000e+00  0.000e+00  1.391e+03  0.000e+00  0.000e+00  0.000e+00  0.000e+00  0.000e+00  0.000e+00  0.000e+00  0.000e+00  0.000e+00  0.000e+00  0.000e+00  0.000e+00  0.000e+00  0.000e+00 
 0.000e+00  0.000e+00  0.000e+00  0.000e+00  0.000e+00  0.000e+00  0.000e+00  6.739e+02  0.000e+00  0.000e+00  1.391e+03  0.000e+00  0.000e+00  0.000e+00  5.054e+02  0.000e+00  0.000e+00  1.011e+03  0.000e+00  3.261e+02  4.946e+02  0.000e+00  6.739e+02  9.892e+02 
 0.000e+00  0.000e+00  0.000e+00  0.000e+00  0.000e+00  0.000e+00  0.000e+00  0.000e+00  0.000e+00  0.000e+00  0.000e+00  1.391e+03  0.000e+00  0.000e+00  0.000e+00  0.000e+00  0.000e+00  0.000e+00  0.000e+00  0.000e+00  0.000e+00  0.000e+00  0.000e+00  0.000e+00 
 0.000e+00  0.000e+00  0.000e+00  0.000e+00  0.000e+00  0.000e+00  0.000e+00  0.000e+00  0.000e+00  0.000e+00  0.000e+00  0.000e+00  1.391e+03  0.000e+00  0.000e+00  0.000e+00  0.000e+00  0.000e+00  0.000e+00  0.000e+00  0.000e+00  0.000e+00  0.000e+00  0.000e+00 
 0.000e+00  0.000e+00  0.000e+00  0.000e+00  0.000e+00  0.000e+00  0.000e+00  0.000e+00  0.000e+00  0.000e+00  0.000e+00  0.000e+00  0.000e+00  1.391e+03  0.000e+00  0.000e+00  0.000e+00  0.000e+00  0.000e+00  0.000e+00  0.000e+00  0.000e+00  0.000e+00  0.000e+00 
 0.000e+00  0.000e+00  0.000e+00  0.000e+00  0.000e+00  0.000e+00  0.000e+00  1.011e+03  0.000e+00  0.000e+00  5.054e+02  0.000e+00  0.000e+00  0.000e+00  1.391e+03  0.000e+00  0.000e+00  6.739e+02  0.000e+00  9.892e+02  6.739e+02  0.000e+00  4.946e+02  3.261e+02 
 0.000e+00  0.000e+00  0.000e+00  0.000e+00  0.000e+00  0.000e+00  0.000e+00  0.000e+00  0.000e+00  0.000e+00  0.000e+00  0.000e+00  0.000e+00  0.000e+00  0.000e+00  1.391e+03  0.000e+00  0.000e+00  0.000e+00  0.000e+00  0.000e+00  0.000e+00  0.000e+00  0.000e+00 
 0.000e+00  0.000e+00  0.000e+00  0.000e+00  0.000e+00  0.000e+00  0.000e+00  0.000e+00  0.000e+00  0.000e+00  0.000e+00  0.000e+00  0.000e+00  0.000e+00  0.000e+00  0.000e+00  1.391e+03  0.000e+00  0.000e+00  0.000e+00  0.000e+00  0.000e+00  0.000e+00  0.000e+00 
 0.000e+00  0.000e+00  0.000e+00  0.000e+00  0.000e+00  0.000e+00  0.000e+00  5.054e+02  0.000e+00  0.000e+00  1.011e+03  0.000e+00  0.000e+00  0.000e+00  6.739e+02  0.000e+00  0.000e+00  1.391e+03  0.000e+00  4.946e+02  3.261e+02  0.000e+00  9.892e+02  6.739e+02 
 0.000e+00  0.000e+00  0.000e+00  0.000e+00  0.000e+00  0.000e+00  0.000e+00  0.000e+00  0.000e+00  0.000e+00  0.000e+00  0.000e+00  0.000e+00  0.000e+00  0.000e+00  0.000e+00  0.000e+00  0.000e+00  1.391e+03  0.000e+00  0.000e+00  0.000e+00  0.000e+00  0.000e+00 
 0.000e+00  0.000e+00  0.000e+00  0.000e+00  0.000e+00  0.000e+00  0.000e+00  6.739e+02  0.000e+00  0.000e+00  3.261e+02  0.000e+00  0.000e+00  0.000e+00  9.892e+02  0.000e+00  0.000e+00  4.946e+02  0.000e+00  1.391e+03  1.011e+03  0.000e+00  6.739e+02  5.054e+02 
 0.000e+00  0.000e+00  0.000e+00  0.000e+00  0.000e+00  0.000e+00  0.000e+00  9.892e+02  0.000e+00  0.000e+00  4.946e+02  0.000e+00  0.000e+00  0.000e+00  6.739e+02  0.000e+00  0.000e+00  3.261e+02  0.000e+00  1.011e+03  1.391e+03  0.000e+00  5.054e+02  6.739e+02 
 0.000e+00  0.000e+00  0.000e+00  0.000e+00  0.000e+00  0.000e+00  0.000e+00  0.000e+00  0.000e+00  0.000e+00  0.000e+00  0.000e+00  0.000e+00  0.000e+00  0.000e+00  0.000e+00  0.000e+00  0.000e+00  0.000e+00  0.000e+00  0.000e+00  1.391e+03  0.000e+00  0.000e+00 
 0.000e+00  0.000e+00  0.000e+00  0.000e+00  0.000e+00  0.000e+00  0.000e+00  3.261e+02  0.000e+00  0.000e+00  6.739e+02  0.000e+00  0.000e+00  0.000e+00  4.946e+02  0.000e+00  0.000e+00  9.892e+02  0.000e+00  6.739e+02  5.054e+02  0.000e+00  1.391e+03  1.011e+03 
 0.000e+00  0.000e+00  0.000e+00  0.000e+00  0.000e+00  0.000e+00  0.000e+00  4.946e+02  0.000e+00  0.000e+00  9.892e+02  0.000e+00  0.000e+00  0.000e+00  3.261e+02  0.000e+00  0.000e+00  6.739e+02  0.000e+00  5.054e+02  6.739e+02  0.000e+00  1.011e+03  1.391e+03 
