| iterations : 0  | iterations : 1  | iterations : 2  | iterations : 3  | iterations : 4  | iterations : 5  | iterations : 6  | iterations : 7  | iterations : 8  | iterations : 9  | iterations : 10 | iterations : 11 | iterations : 12 | iterations : 13 | iterations : 14 | iterations : 15 | iterations : 16 | iterations : 17 | iterations : 18 | iterations : 19 | iterations : 20 |
|-----------------|-----------------|-----------------|-----------------|-----------------|-----------------|-----------------|-----------------|-----------------|-----------------|-----------------|-----------------|-----------------|-----------------|-----------------|-----------------|-----------------|-----------------|-----------------|-----------------|-----------------|
| (0,0) 463.63    | (0,0) 463.634   | (0,0) 463.634   | (0,0) 463.634   | (0,0) 463.634   | (0,0) 463.634   | (0,0) 463.634   | (0,0) 463.634   | (0,0) 463.634   | (0,0) 463.634   | (0,0) 463.634   | (0,0) 463.634   | (0,0) 463.634   | (0,0) 463.634   | (0,0) 463.634   | (0,0) 463.634   | (0,0) 463.634   | (0,0) 463.634   | (0,0) 463.634   | (0,0) 463.634   | (0,0) 463.634   |
| (1,1) 463.63    | (1,1) 463.634   | (1,1) 463.634   | (1,1) 463.634   | (1,1) 463.634   | (1,1) 463.634   | (1,1) 463.634   | (1,1) 463.634   | (1,1) 463.634   | (1,1) 463.634   | (1,1) 463.634   | (1,1) 463.634   | (1,1) 463.634   | (1,1) 463.634   | (1,1) 463.634   | (1,1) 463.634   | (1,1) 463.634   | (1,1) 463.634   | (1,1) 463.634   | (1,1) 463.634   | (1,1) 463.634   |
| (2,2) 463.63    | (2,2) 463.62    | (2,2) 463.62    | (2,2) 463.62    | (2,2) 463.62    | (2,2) 463.62    | (2,2) 463.62    | (2,2) 463.62    | (2,2) 463.62    | (2,2) 463.62    | (2,2) 463.62    | (2,2) 463.62    | (2,2) 463.62    | (2,2) 463.62    | (2,2) 463.62    | (2,2) 463.62    | (2,2) 463.62    | (2,2) 463.62    | (2,2) 463.62    | (2,2) 463.62    | (2,2) 463.62    |
| (3,3) 463.63    | (3,3) 463.634   | (3,3) 463.634   | (3,3) 463.634   | (3,3) 463.634   | (3,3) 463.634   | (3,3) 463.634   | (3,3) 463.634   | (3,3) 463.634   | (3,3) 463.634   | (3,3) 463.634   | (3,3) 463.634   | (3,3) 463.634   | (3,3) 463.634   | (3,3) 463.634   | (3,3) 463.634   | (3,3) 463.634   | (3,3) 463.634   | (3,3) 463.634   | (3,3) 463.634   | (3,3) 463.634   |
| (3,7) 336.931   | (3,7) 336.934   | (3,7) 336.934   | (3,7) 336.934   | (3,7) 336.934   | (3,7) 336.934   | (3,7) 336.934   | (3,7) 336.934   | (3,7) 336.934   | (3,7) 336.934   | (3,7) 336.934   | (3,7) 336.934   | (3,7) 336.934   | (3,7) 336.934   | (3,7) 336.934   | (3,7) 336.934   | (3,7) 336.934   | (3,7) 336.934   | (3,7) 336.934   | (3,7) 336.934   | (3,7) 336.934   |
| (3,9) 224.62    | (3,9) 224.623   | (3,9) 224.623   | (3,9) 224.623   | (3,9) 224.623   | (3,9) 224.623   | (3,9) 224.623   | (3,9) 224.623   | (3,9) 224.623   | (3,9) 224.623   | (3,9) 224.623   | (3,9) 224.623   | (3,9) 224.623   | (3,9) 224.623   | (3,9) 224.623   | (3,9) 224.623   | (3,9) 224.623   | (3,9) 224.623   | (3,9) 224.623   | (3,9) 224.623   | (3,9) 224.623   |
| (3,10) 329.736  | (3,10) 329.739  | (3,10) 329.739  | (3,10) 329.739  | (3,10) 329.739  | (3,10) 329.739  | (3,10) 329.739  | (3,10) 329.739  | (3,10) 329.739  | (3,10) 329.739  | (3,10) 329.739  | (3,10) 329.739  | (3,10) 329.739  | (3,10) 329.739  | (3,10) 329.739  | (3,10) 329.739  | (3,10) 329.739  | (3,10) 329.739  | (3,10) 329.739  | (3,10) 329.739  | (3,10) 329.739  |
| (3,15) 224.62   | (3,15) 224.623  | (3,15) 224.623  | (3,15) 224.623  | (3,15) 224.623  | (3,15) 224.623  | (3,15) 224.623  | (3,15) 224.623  | (3,15) 224.623  | (3,15) 224.623  | (3,15) 224.623  | (3,15) 224.623  | (3,15) 224.623  | (3,15) 224.623  | (3,15) 224.623  | (3,15) 224.623  | (3,15) 224.623  | (3,15) 224.623  | (3,15) 224.623  | (3,15) 224.623  | (3,15) 224.623  |
| (3,19) 168.465  | (3,19) 168.467  | (3,19) 168.467  | (3,19) 168.467  | (3,19) 168.467  | (3,19) 168.467  | (3,19) 168.467  | (3,19) 168.467  | (3,19) 168.467  | (3,19) 168.467  | (3,19) 168.467  | (3,19) 168.467  | (3,19) 168.467  | (3,19) 168.467  | (3,19) 168.467  | (3,19) 168.467  | (3,19) 168.467  | (3,19) 168.467  | (3,19) 168.467  | (3,19) 168.467  | (3,19) 168.467  |
| (3,21) 108.713  | (3,21) 108.714  | (3,21) 108.714  | (3,21) 108.714  | (3,21) 108.714  | (3,21) 108.714  | (3,21) 108.714  | (3,21) 108.714  | (3,21) 108.714  | (3,21) 108.714  | (3,21) 108.714  | (3,21) 108.714  | (3,21) 108.714  | (3,21) 108.714  | (3,21) 108.714  | (3,21) 108.714  | (3,21) 108.714  | (3,21) 108.714  | (3,21) 108.714  | (3,21) 108.714  | (3,21) 108.714  |
| (3,22) 164.868  | (3,22) 164.87   | (3,22) 164.87   | (3,22) 164.87   | (3,22) 164.87   | (3,22) 164.87   | (3,22) 164.87   | (3,22) 164.87   | (3,22) 164.87   | (3,22) 164.87   | (3,22) 164.87   | (3,22) 164.87   | (3,22) 164.87   | (3,22) 164.87   | (3,22) 164.87   | (3,22) 164.87   | (3,22) 164.87   | (3,22) 164.87   | (3,22) 164.87   | (3,22) 164.87   | (3,22) 164.87   |
| (4,4) 463.63    | (4,4) 463.634   | (4,4) 463.634   | (4,4) 463.634   | (4,4) 463.634   | (4,4) 463.634   | (4,4) 463.634   | (4,4) 463.634   | (4,4) 463.634   | (4,4) 463.634   | (4,4) 463.634   | (4,4) 463.634   | (4,4) 463.634   | (4,4) 463.634   | (4,4) 463.634   | (4,4) 463.634   | (4,4) 463.634   | (4,4) 463.634   | (4,4) 463.634   | (4,4) 463.634   | (4,4) 463.634   |
| (5,5) 463.63    | (5,5) 463.62    | (5,5) 463.62    | (5,5) 463.62    | (5,5) 463.62    | (5,5) 463.62    | (5,5) 463.62    | (5,5) 463.62    | (5,5) 463.62    | (5,5) 463.62    | (5,5) 463.62    | (5,5) 463.62    | (5,5) 463.62    | (5,5) 463.62    | (5,5) 463.62    | (5,5) 463.62    | (5,5) 463.62    | (5,5) 463.62    | (5,5) 463.62    | (5,5) 463.62    | (5,5) 463.62    |
| (6,6) 463.63    | (6,6) 463.634   | (6,6) 463.634   | (6,6) 463.634   | (6,6) 463.634   | (6,6) 463.634   | (6,6) 463.634   | (6,6) 463.634   | (6,6) 463.634   | (6,6) 463.634   | (6,6) 463.634   | (6,6) 463.634   | (6,6) 463.634   | (6,6) 463.634   | (6,6) 463.634   | (6,6) 463.634   | (6,6) 463.634   | (6,6) 463.634   | (6,6) 463.634   | (6,6) 463.634   | (6,6) 463.634   |
| (7,7) 463.63    | (7,7) 463.634   | (7,7) 463.634   | (7,7) 463.634   | (7,7) 463.634   | (7,7) 463.634   | (7,7) 463.634   | (7,7) 463.634   | (7,7) 463.634   | (7,7) 463.634   | (7,7) 463.634   | (7,7) 463.634   | (7,7) 463.634   | (7,7) 463.634   | (7,7) 463.634   | (7,7) 463.634   | (7,7) 463.634   | (7,7) 463.634   | (7,7) 463.634   | (7,7) 463.634   | (7,7) 463.634   |
| (7,3) 336.931   | (7,3) 336.934   | (7,3) 336.934   | (7,3) 336.934   | (7,3) 336.934   | (7,3) 336.934   | (7,3) 336.934   | (7,3) 336.934   | (7,3) 336.934   | (7,3) 336.934   | (7,3) 336.934   | (7,3) 336.934   | (7,3) 336.934   | (7,3) 336.934   | (7,3) 336.934   | (7,3) 336.934   | (7,3) 336.934   | (7,3) 336.934   | (7,3) 336.934   | (7,3) 336.934   | (7,3) 336.934   |
| (7,9) 329.736   | (7,9) 329.739   | (7,9) 329.739   | (7,9) 329.739   | (7,9) 329.739   | (7,9) 329.739   | (7,9) 329.739   | (7,9) 329.739   | (7,9) 329.739   | (7,9) 329.739   | (7,9) 329.739   | (7,9) 329.739   | (7,9) 329.739   | (7,9) 329.739   | (7,9) 329.739   | (7,9) 329.739   | (7,9) 329.739   | (7,9) 329.739   | (7,9) 329.739   | (7,9) 329.739   | (7,9) 329.739   |
| (7,10) 224.62   | (7,10) 224.623  | (7,10) 224.623  | (7,10) 224.623  | (7,10) 224.623  | (7,10) 224.623  | (7,10) 224.623  | (7,10) 224.623  | (7,10) 224.623  | (7,10) 224.623  | (7,10) 224.623  | (7,10) 224.623  | (7,10) 224.623  | (7,10) 224.623  | (7,10) 224.623  | (7,10) 224.623  | (7,10) 224.623  | (7,10) 224.623  | (7,10) 224.623  | (7,10) 224.623  | (7,10) 224.623  |
| (7,15) 168.465  | (7,15) 168.467  | (7,15) 168.467  | (7,15) 168.467  | (7,15) 168.467  | (7,15) 168.467  | (7,15) 168.467  | (7,15) 168.467  | (7,15) 168.467  | (7,15) 168.467  | (7,15) 168.467  | (7,15) 168.467  | (7,15) 168.467  | (7,15) 168.467  | (7,15) 168.467  | (7,15) 168.467  | (7,15) 168.467  | (7,15) 168.467  | (7,15) 168.467  | (7,15) 168.467  | (7,15) 168.467  |
| (7,19) 224.62   | (7,19) 224.623  | (7,19) 224.623  | (7,19) 224.623  | (7,19) 224.623  | (7,19) 224.623  | (7,19) 224.623  | (7,19) 224.623  | (7,19) 224.623  | (7,19) 224.623  | (7,19) 224.623  | (7,19) 224.623  | (7,19) 224.623  | (7,19) 224.623  | (7,19) 224.623  | (7,19) 224.623  | (7,19) 224.623  | (7,19) 224.623  | (7,19) 224.623  | (7,19) 224.623  | (7,19) 224.623  |
| (7,21) 164.868  | (7,21) 164.87   | (7,21) 164.87   | (7,21) 164.87   | (7,21) 164.87   | (7,21) 164.87   | (7,21) 164.87   | (7,21) 164.87   | (7,21) 164.87   | (7,21) 164.87   | (7,21) 164.87   | (7,21) 164.87   | (7,21) 164.87   | (7,21) 164.87   | (7,21) 164.87   | (7,21) 164.87   | (7,21) 164.87   | (7,21) 164.87   | (7,21) 164.87   | (7,21) 164.87   | (7,21) 164.87   |
| (7,22) 108.713  | (7,22) 108.714  | (7,22) 108.714  | (7,22) 108.714  | (7,22) 108.714  | (7,22) 108.714  | (7,22) 108.714  | (7,22) 108.714  | (7,22) 108.714  | (7,22) 108.714  | (7,22) 108.714  | (7,22) 108.714  | (7,22) 108.714  | (7,22) 108.714  | (7,22) 108.714  | (7,22) 108.714  | (7,22) 108.714  | (7,22) 108.714  | (7,22) 108.714  | (7,22) 108.714  | (7,22) 108.714  |
| (8,8) 463.63    | (8,8) 463.62    | (8,8) 463.62    | (8,8) 463.62    | (8,8) 463.62    | (8,8) 463.62    | (8,8) 463.62    | (8,8) 463.62    | (8,8) 463.62    | (8,8) 463.62    | (8,8) 463.62    | (8,8) 463.62    | (8,8) 463.62    | (8,8) 463.62    | (8,8) 463.62    | (8,8) 463.62    | (8,8) 463.62    | (8,8) 463.62    | (8,8) 463.62    | (8,8) 463.62    | (8,8) 463.62    |
| (9,9) 463.63    | (9,9) 463.634   | (9,9) 463.634   | (9,9) 463.634   | (9,9) 463.634   | (9,9) 463.634   | (9,9) 463.634   | (9,9) 463.634   | (9,9) 463.634   | (9,9) 463.634   | (9,9) 463.634   | (9,9) 463.634   | (9,9) 463.634   | (9,9) 463.634   | (9,9) 463.634   | (9,9) 463.634   | (9,9) 463.634   | (9,9) 463.634   | (9,9) 463.634   | (9,9) 463.634   | (9,9) 463.634   |
| (9,3) 224.62    | (9,3) 224.623   | (9,3) 224.623   | (9,3) 224.623   | (9,3) 224.623   | (9,3) 224.623   | (9,3) 224.623   | (9,3) 224.623   | (9,3) 224.623   | (9,3) 224.623   | (9,3) 224.623   | (9,3) 224.623   | (9,3) 224.623   | (9,3) 224.623   | (9,3) 224.623   | (9,3) 224.623   | (9,3) 224.623   | (9,3) 224.623   | (9,3) 224.623   | (9,3) 224.623   | (9,3) 224.623   |
| (9,7) 329.736   | (9,7) 329.739   | (9,7) 329.739   | (9,7) 329.739   | (9,7) 329.739   | (9,7) 329.739   | (9,7) 329.739   | (9,7) 329.739   | (9,7) 329.739   | (9,7) 329.739   | (9,7) 329.739   | (9,7) 329.739   | (9,7) 329.739   | (9,7) 329.739   | (9,7) 329.739   | (9,7) 329.739   | (9,7) 329.739   | (9,7) 329.739   | (9,7) 329.739   | (9,7) 329.739   | (9,7) 329.739   |
| (9,10) 336.931  | (9,10) 336.934  | (9,10) 336.934  | (9,10) 336.934  | (9,10) 336.934  | (9,10) 336.934  | (9,10) 336.934  | (9,10) 336.934  | (9,10) 336.934  | (9,10) 336.934  | (9,10) 336.934  | (9,10) 336.934  | (9,10) 336.934  | (9,10) 336.934  | (9,10) 336.934  | (9,10) 336.934  | (9,10) 336.934  | (9,10) 336.934  | (9,10) 336.934  | (9,10) 336.934  | (9,10) 336.934  |
| (9,15) 108.713  | (9,15) 108.714  | (9,15) 108.714  | (9,15) 108.714  | (9,15) 108.714  | (9,15) 108.714  | (9,15) 108.714  | (9,15) 108.714  | (9,15) 108.714  | (9,15) 108.714  | (9,15) 108.714  | (9,15) 108.714  | (9,15) 108.714  | (9,15) 108.714  | (9,15) 108.714  | (9,15) 108.714  | (9,15) 108.714  | (9,15) 108.714  | (9,15) 108.714  | (9,15) 108.714  | (9,15) 108.714  |
| (9,19) 164.868  | (9,19) 164.87   | (9,19) 164.87   | (9,19) 164.87   | (9,19) 164.87   | (9,19) 164.87   | (9,19) 164.87   | (9,19) 164.87   | (9,19) 164.87   | (9,19) 164.87   | (9,19) 164.87   | (9,19) 164.87   | (9,19) 164.87   | (9,19) 164.87   | (9,19) 164.87   | (9,19) 164.87   | (9,19) 164.87   | (9,19) 164.87   | (9,19) 164.87   | (9,19) 164.87   | (9,19) 164.87   |
| (9,21) 224.62   | (9,21) 224.623  | (9,21) 224.623  | (9,21) 224.623  | (9,21) 224.623  | (9,21) 224.623  | (9,21) 224.623  | (9,21) 224.623  | (9,21) 224.623  | (9,21) 224.623  | (9,21) 224.623  | (9,21) 224.623  | (9,21) 224.623  | (9,21) 224.623  | (9,21) 224.623  | (9,21) 224.623  | (9,21) 224.623  | (9,21) 224.623  | (9,21) 224.623  | (9,21) 224.623  | (9,21) 224.623  |
| (9,22) 168.465  | (9,22) 168.467  | (9,22) 168.467  | (9,22) 168.467  | (9,22) 168.467  | (9,22) 168.467  | (9,22) 168.467  | (9,22) 168.467  | (9,22) 168.467  | (9,22) 168.467  | (9,22) 168.467  | (9,22) 168.467  | (9,22) 168.467  | (9,22) 168.467  | (9,22) 168.467  | (9,22) 168.467  | (9,22) 168.467  | (9,22) 168.467  | (9,22) 168.467  | (9,22) 168.467  | (9,22) 168.467  |
| (10,10) 463.63  | (10,10) 463.634 | (10,10) 463.634 | (10,10) 463.634 | (10,10) 463.634 | (10,10) 463.634 | (10,10) 463.634 | (10,10) 463.634 | (10,10) 463.634 | (10,10) 463.634 | (10,10) 463.634 | (10,10) 463.634 | (10,10) 463.634 | (10,10) 463.634 | (10,10) 463.634 | (10,10) 463.634 | (10,10) 463.634 | (10,10) 463.634 | (10,10) 463.634 | (10,10) 463.634 | (10,10) 463.634 |
| (10,3) 329.736  | (10,3) 329.739  | (10,3) 329.739  | (10,3) 329.739  | (10,3) 329.739  | (10,3) 329.739  | (10,3) 329.739  | (10,3) 329.739  | (10,3) 329.739  | (10,3) 329.739  | (10,3) 329.739  | (10,3) 329.739  | (10,3) 329.739  | (10,3) 329.739  | (10,3) 329.739  | (10,3) 329.739  | (10,3) 329.739  | (10,3) 329.739  | (10,3) 329.739  | (10,3) 329.739  | (10,3) 329.739  |
| (10,7) 224.62   | (10,7) 224.623  | (10,7) 224.623  | (10,7) 224.623  | (10,7) 224.623  | (10,7) 224.623  | (10,7) 224.623  | (10,7) 224.623  | (10,7) 224.623  | (10,7) 224.623  | (10,7) 224.623  | (10,7) 224.623  | (10,7) 224.623  | (10,7) 224.623  | (10,7) 224.623  | (10,7) 224.623  | (10,7) 224.623  | (10,7) 224.623  | (10,7) 224.623  | (10,7) 224.623  | (10,7) 224.623  |
| (10,9) 336.931  | (10,9) 336.934  | (10,9) 336.934  | (10,9) 336.934  | (10,9) 336.934  | (10,9) 336.934  | (10,9) 336.934  | (10,9) 336.934  | (10,9) 336.934  | (10,9) 336.934  | (10,9) 336.934  | (10,9) 336.934  | (10,9) 336.934  | (10,9) 336.934  | (10,9) 336.934  | (10,9) 336.934  | (10,9) 336.934  | (10,9) 336.934  | (10,9) 336.934  | (10,9) 336.934  | (10,9) 336.934  |
| (10,15) 164.868 | (10,15) 164.87  | (10,15) 164.87  | (10,15) 164.87  | (10,15) 164.87  | (10,15) 164.87  | (10,15) 164.87  | (10,15) 164.87  | (10,15) 164.87  | (10,15) 164.87  | (10,15) 164.87  | (10,15) 164.87  | (10,15) 164.87  | (10,15) 164.87  | (10,15) 164.87  | (10,15) 164.87  | (10,15) 164.87  | (10,15) 164.87  | (10,15) 164.87  | (10,15) 164.87  | (10,15) 164.87  |
| (10,19) 108.713 | (10,19) 108.714 | (10,19) 108.714 | (10,19) 108.714 | (10,19) 108.714 | (10,19) 108.714 | (10,19) 108.714 | (10,19) 108.714 | (10,19) 108.714 | (10,19) 108.714 | (10,19) 108.714 | (10,19) 108.714 | (10,19) 108.714 | (10,19) 108.714 | (10,19) 108.714 | (10,19) 108.714 | (10,19) 108.714 | (10,19) 108.714 | (10,19) 108.714 | (10,19) 108.714 | (10,19) 108.714 |
| (10,21) 168.465 | (10,21) 168.467 | (10,21) 168.467 | (10,21) 168.467 | (10,21) 168.467 | (10,21) 168.467 | (10,21) 168.467 | (10,21) 168.467 | (10,21) 168.467 | (10,21) 168.467 | (10,21) 168.467 | (10,21) 168.467 | (10,21) 168.467 | (10,21) 168.467 | (10,21) 168.467 | (10,21) 168.467 | (10,21) 168.467 | (10,21) 168.467 | (10,21) 168.467 | (10,21) 168.467 | (10,21) 168.467 |
| (10,22) 224.62  | (10,22) 224.623 | (10,22) 224.623 | (10,22) 224.623 | (10,22) 224.623 | (10,22) 224.623 | (10,22) 224.623 | (10,22) 224.623 | (10,22) 224.623 | (10,22) 224.623 | (10,22) 224.623 | (10,22) 224.623 | (10,22) 224.623 | (10,22) 224.623 | (10,22) 224.623 | (10,22) 224.623 | (10,22) 224.623 | (10,22) 224.623 | (10,22) 224.623 | (10,22) 224.623 | (10,22) 224.623 |
| (11,11) 463.63  | (11,11) 463.62  | (11,11) 463.62  | (11,11) 463.62  | (11,11) 463.62  | (11,11) 463.62  | (11,11) 463.62  | (11,11) 463.62  | (11,11) 463.62  | (11,11) 463.62  | (11,11) 463.62  | (11,11) 463.62  | (11,11) 463.62  | (11,11) 463.62  | (11,11) 463.62  | (11,11) 463.62  | (11,11) 463.62  | (11,11) 463.62  | (11,11) 463.62  | (11,11) 463.62  | (11,11) 463.62  |
| (12,12) 463.63  | (12,12) 463.634 | (12,12) 463.634 | (12,12) 463.634 | (12,12) 463.634 | (12,12) 463.634 | (12,12) 463.634 | (12,12) 463.634 | (12,12) 463.634 | (12,12) 463.634 | (12,12) 463.634 | (12,12) 463.634 | (12,12) 463.634 | (12,12) 463.634 | (12,12) 463.634 | (12,12) 463.634 | (12,12) 463.634 | (12,12) 463.634 | (12,12) 463.634 | (12,12) 463.634 | (12,12) 463.634 |
| (13,13) 463.63  | (13,13) 463.634 | (13,13) 463.634 | (13,13) 463.634 | (13,13) 463.634 | (13,13) 463.634 | (13,13) 463.634 | (13,13) 463.634 | (13,13) 463.634 | (13,13) 463.634 | (13,13) 463.634 | (13,13) 463.634 | (13,13) 463.634 | (13,13) 463.634 | (13,13) 463.634 | (13,13) 463.634 | (13,13) 463.634 | (13,13) 463.634 | (13,13) 463.634 | (13,13) 463.634 | (13,13) 463.634 |
| (14,14) 463.63  | (14,14) 463.62  | (14,14) 463.62  | (14,14) 463.62  | (14,14) 463.62  | (14,14) 463.62  | (14,14) 463.62  | (14,14) 463.62  | (14,14) 463.62  | (14,14) 463.62  | (14,14) 463.62  | (14,14) 463.62  | (14,14) 463.62  | (14,14) 463.62  | (14,14) 463.62  | (14,14) 463.62  | (14,14) 463.62  | (14,14) 463.62  | (14,14) 463.62  | (14,14) 463.62  | (14,14) 463.62  |
| (15,15) 463.63  | (15,15) 463.634 | (15,15) 463.634 | (15,15) 463.634 | (15,15) 463.634 | (15,15) 463.634 | (15,15) 463.634 | (15,15) 463.634 | (15,15) 463.634 | (15,15) 463.634 | (15,15) 463.634 | (15,15) 463.634 | (15,15) 463.634 | (15,15) 463.634 | (15,15) 463.634 | (15,15) 463.634 | (15,15) 463.634 | (15,15) 463.634 | (15,15) 463.634 | (15,15) 463.634 | (15,15) 463.634 |
| (15,3) 224.62   | (15,3) 224.623  | (15,3) 224.623  | (15,3) 224.623  | (15,3) 224.623  | (15,3) 224.623  | (15,3) 224.623  | (15,3) 224.623  | (15,3) 224.623  | (15,3) 224.623  | (15,3) 224.623  | (15,3) 224.623  | (15,3) 224.623  | (15,3) 224.623  | (15,3) 224.623  | (15,3) 224.623  | (15,3) 224.623  | (15,3) 224.623  | (15,3) 224.623  | (15,3) 224.623  | (15,3) 224.623  |
| (15,7) 168.465  | (15,7) 168.467  | (15,7) 168.467  | (15,7) 168.467  | (15,7) 168.467  | (15,7) 168.467  | (15,7) 168.467  | (15,7) 168.467  | (15,7) 168.467  | (15,7) 168.467  | (15,7) 168.467  | (15,7) 168.467  | (15,7) 168.467  | (15,7) 168.467  | (15,7) 168.467  | (15,7) 168.467  | (15,7) 168.467  | (15,7) 168.467  | (15,7) 168.467  | (15,7) 168.467  | (15,7) 168.467  |
| (15,9) 108.713  | (15,9) 108.714  | (15,9) 108.714  | (15,9) 108.714  | (15,9) 108.714  | (15,9) 108.714  | (15,9) 108.714  | (15,9) 108.714  | (15,9) 108.714  | (15,9) 108.714  | (15,9) 108.714  | (15,9) 108.714  | (15,9) 108.714  | (15,9) 108.714  | (15,9) 108.714  | (15,9) 108.714  | (15,9) 108.714  | (15,9) 108.714  | (15,9) 108.714  | (15,9) 108.714  | (15,9) 108.714  |
| (15,10) 164.868 | (15,10) 164.87  | (15,10) 164.87  | (15,10) 164.87  | (15,10) 164.87  | (15,10) 164.87  | (15,10) 164.87  | (15,10) 164.87  | (15,10) 164.87  | (15,10) 164.87  | (15,10) 164.87  | (15,10) 164.87  | (15,10) 164.87  | (15,10) 164.87  | (15,10) 164.87  | (15,10) 164.87  | (15,10) 164.87  | (15,10) 164.87  | (15,10) 164.87  | (15,10) 164.87  | (15,10) 164.87  |
| (15,19) 336.931 | (15,19) 336.934 | (15,19) 336.934 | (15,19) 336.934 | (15,19) 336.934 | (15,19) 336.934 | (15,19) 336.934 | (15,19) 336.934 | (15,19) 336.934 | (15,19) 336.934 | (15,19) 336.934 | (15,19) 336.934 | (15,19) 336.934 | (15,19) 336.934 | (15,19) 336.934 | (15,19) 336.934 | (15,19) 336.934 | (15,19) 336.934 | (15,19) 336.934 | (15,19) 336.934 | (15,19) 336.934 |
| (15,21) 224.62  | (15,21) 224.623 | (15,21) 224.623 | (15,21) 224.623 | (15,21) 224.623 | (15,21) 224.623 | (15,21) 224.623 | (15,21) 224.623 | (15,21) 224.623 | (15,21) 224.623 | (15,21) 224.623 | (15,21) 224.623 | (15,21) 224.623 | (15,21) 224.623 | (15,21) 224.623 | (15,21) 224.623 | (15,21) 224.623 | (15,21) 224.623 | (15,21) 224.623 | (15,21) 224.623 | (15,21) 224.623 |
| (15,22) 329.736 | (15,22) 329.739 | (15,22) 329.739 | (15,22) 329.739 | (15,22) 329.739 | (15,22) 329.739 | (15,22) 329.739 | (15,22) 329.739 | (15,22) 329.739 | (15,22) 329.739 | (15,22) 329.739 | (15,22) 329.739 | (15,22) 329.739 | (15,22) 329.739 | (15,22) 329.739 | (15,22) 329.739 | (15,22) 329.739 | (15,22) 329.739 | (15,22) 329.739 | (15,22) 329.739 | (15,22) 329.739 |
| (16,16) 463.63  | (16,16) 463.634 | (16,16) 463.634 | (16,16) 463.634 | (16,16) 463.634 | (16,16) 463.634 | (16,16) 463.634 | (16,16) 463.634 | (16,16) 463.634 | (16,16) 463.634 | (16,16) 463.634 | (16,16) 463.634 | (16,16) 463.634 | (16,16) 463.634 | (16,16) 463.634 | (16,16) 463.634 | (16,16) 463.634 | (16,16) 463.634 | (16,16) 463.634 | (16,16) 463.634 | (16,16) 463.634 |
| (17,17) 463.63  | (17,17) 463.62  | (17,17) 463.62  | (17,17) 463.62  | (17,17) 463.62  | (17,17) 463.62  | (17,17) 463.62  | (17,17) 463.62  | (17,17) 463.62  | (17,17) 463.62  | (17,17) 463.62  | (17,17) 463.62  | (17,17) 463.62  | (17,17) 463.62  | (17,17) 463.62  | (17,17) 463.62  | (17,17) 463.62  | (17,17) 463.62  | (17,17) 463.62  | (17,17) 463.62  | (17,17) 463.62  |
| (18,18) 463.63  | (18,18) 463.634 | (18,18) 463.634 | (18,18) 463.634 | (18,18) 463.634 | (18,18) 463.634 | (18,18) 463.634 | (18,18) 463.634 | (18,18) 463.634 | (18,18) 463.634 | (18,18) 463.634 | (18,18) 463.634 | (18,18) 463.634 | (18,18) 463.634 | (18,18) 463.634 | (18,18) 463.634 | (18,18) 463.634 | (18,18) 463.634 | (18,18) 463.634 | (18,18) 463.634 | (18,18) 463.634 |
| (19,19) 463.63  | (19,19) 463.634 | (19,19) 463.634 | (19,19) 463.634 | (19,19) 463.634 | (19,19) 463.634 | (19,19) 463.634 | (19,19) 463.634 | (19,19) 463.634 | (19,19) 463.634 | (19,19) 463.634 | (19,19) 463.634 | (19,19) 463.634 | (19,19) 463.634 | (19,19) 463.634 | (19,19) 463.634 | (19,19) 463.634 | (19,19) 463.634 | (19,19) 463.634 | (19,19) 463.634 | (19,19) 463.634 |
| (19,3) 168.465  | (19,3) 168.467  | (19,3) 168.467  | (19,3) 168.467  | (19,3) 168.467  | (19,3) 168.467  | (19,3) 168.467  | (19,3) 168.467  | (19,3) 168.467  | (19,3) 168.467  | (19,3) 168.467  | (19,3) 168.467  | (19,3) 168.467  | (19,3) 168.467  | (19,3) 168.467  | (19,3) 168.467  | (19,3) 168.467  | (19,3) 168.467  | (19,3) 168.467  | (19,3) 168.467  | (19,3) 168.467  |
| (19,7) 224.62   | (19,7) 224.623  | (19,7) 224.623  | (19,7) 224.623  | (19,7) 224.623  | (19,7) 224.623  | (19,7) 224.623  | (19,7) 224.623  | (19,7) 224.623  | (19,7) 224.623  | (19,7) 224.623  | (19,7) 224.623  | (19,7) 224.623  | (19,7) 224.623  | (19,7) 224.623  | (19,7) 224.623  | (19,7) 224.623  | (19,7) 224.623  | (19,7) 224.623  | (19,7) 224.623  | (19,7) 224.623  |
| (19,9) 164.868  | (19,9) 164.87   | (19,9) 164.87   | (19,9) 164.87   | (19,9) 164.87   | (19,9) 164.87   | (19,9) 164.87   | (19,9) 164.87   | (19,9) 164.87   | (19,9) 164.87   | (19,9) 164.87   | (19,9) 164.87   | (19,9) 164.87   | (19,9) 164.87   | (19,9) 164.87   | (19,9) 164.87   | (19,9) 164.87   | (19,9) 164.87   | (19,9) 164.87   | (19,9) 164.87   | (19,9) 164.87   |
| (19,10) 108.713 | (19,10) 108.714 | (19,10) 108.714 | (19,10) 108.714 | (19,10) 108.714 | (19,10) 108.714 | (19,10) 108.714 | (19,10) 108.714 | (19,10) 108.714 | (19,10) 108.714 | (19,10) 108.714 | (19,10) 108.714 | (19,10) 108.714 | (19,10) 108.714 | (19,10) 108.714 | (19,10) 108.714 | (19,10) 108.714 | (19,10) 108.714 | (19,10) 108.714 | (19,10) 108.714 | (19,10) 108.714 |
| (19,15) 336.931 | (19,15) 336.934 | (19,15) 336.934 | (19,15) 336.934 | (19,15) 336.934 | (19,15) 336.934 | (19,15) 336.934 | (19,15) 336.934 | (19,15) 336.934 | (19,15) 336.934 | (19,15) 336.934 | (19,15) 336.934 | (19,15) 336.934 | (19,15) 336.934 | (19,15) 336.934 | (19,15) 336.934 | (19,15) 336.934 | (19,15) 336.934 | (19,15) 336.934 | (19,15) 336.934 | (19,15) 336.934 |
| (19,21) 329.736 | (19,21) 329.739 | (19,21) 329.739 | (19,21) 329.739 | (19,21) 329.739 | (19,21) 329.739 | (19,21) 329.739 | (19,21) 329.739 | (19,21) 329.739 | (19,21) 329.739 | (19,21) 329.739 | (19,21) 329.739 | (19,21) 329.739 | (19,21) 329.739 | (19,21) 329.739 | (19,21) 329.739 | (19,21) 329.739 | (19,21) 329.739 | (19,21) 329.739 | (19,21) 329.739 | (19,21) 329.739 |
| (19,22) 224.62  | (19,22) 224.623 | (19,22) 224.623 | (19,22) 224.623 | (19,22) 224.623 | (19,22) 224.623 | (19,22) 224.623 | (19,22) 224.623 | (19,22) 224.623 | (19,22) 224.623 | (19,22) 224.623 | (19,22) 224.623 | (19,22) 224.623 | (19,22) 224.623 | (19,22) 224.623 | (19,22) 224.623 | (19,22) 224.623 | (19,22) 224.623 | (19,22) 224.623 | (19,22) 224.623 | (19,22) 224.623 |
| (20,20) 463.63  | (20,20) 463.62  | (20,20) 463.62  | (20,20) 463.62  | (20,20) 463.62  | (20,20) 463.62  | (20,20) 463.62  | (20,20) 463.62  | (20,20) 463.62  | (20,20) 463.62  | (20,20) 463.62  | (20,20) 463.62  | (20,20) 463.62  | (20,20) 463.62  | (20,20) 463.62  | (20,20) 463.62  | (20,20) 463.62  | (20,20) 463.62  | (20,20) 463.62  | (20,20) 463.62  | (20,20) 463.62  |
| (21,21) 463.63  | (21,21) 463.634 | (21,21) 463.634 | (21,21) 463.634 | (21,21) 463.634 | (21,21) 463.634 | (21,21) 463.634 | (21,21) 463.634 | (21,21) 463.634 | (21,21) 463.634 | (21,21) 463.634 | (21,21) 463.634 | (21,21) 463.634 | (21,21) 463.634 | (21,21) 463.634 | (21,21) 463.634 | (21,21) 463.634 | (21,21) 463.634 | (21,21) 463.634 | (21,21) 463.634 | (21,21) 463.634 |
| (21,3) 108.713  | (21,3) 108.714  | (21,3) 108.714  | (21,3) 108.714  | (21,3) 108.714  | (21,3) 108.714  | (21,3) 108.714  | (21,3) 108.714  | (21,3) 108.714  | (21,3) 108.714  | (21,3) 108.714  | (21,3) 108.714  | (21,3) 108.714  | (21,3) 108.714  | (21,3) 108.714  | (21,3) 108.714  | (21,3) 108.714  | (21,3) 108.714  | (21,3) 108.714  | (21,3) 108.714  | (21,3) 108.714  |
| (21,7) 164.868  | (21,7) 164.87   | (21,7) 164.87   | (21,7) 164.87   | (21,7) 164.87   | (21,7) 164.87   | (21,7) 164.87   | (21,7) 164.87   | (21,7) 164.87   | (21,7) 164.87   | (21,7) 164.87   | (21,7) 164.87   | (21,7) 164.87   | (21,7) 164.87   | (21,7) 164.87   | (21,7) 164.87   | (21,7) 164.87   | (21,7) 164.87   | (21,7) 164.87   | (21,7) 164.87   | (21,7) 164.87   |
| (21,9) 224.62   | (21,9) 224.623  | (21,9) 224.623  | (21,9) 224.623  | (21,9) 224.623  | (21,9) 224.623  | (21,9) 224.623  | (21,9) 224.623  | (21,9) 224.623  | (21,9) 224.623  | (21,9) 224.623  | (21,9) 224.623  | (21,9) 224.623  | (21,9) 224.623  | (21,9) 224.623  | (21,9) 224.623  | (21,9) 224.623  | (21,9) 224.623  | (21,9) 224.623  | (21,9) 224.623  | (21,9) 224.623  |
| (21,10) 168.465 | (21,10) 168.467 | (21,10) 168.467 | (21,10) 168.467 | (21,10) 168.467 | (21,10) 168.467 | (21,10) 168.467 | (21,10) 168.467 | (21,10) 168.467 | (21,10) 168.467 | (21,10) 168.467 | (21,10) 168.467 | (21,10) 168.467 | (21,10) 168.467 | (21,10) 168.467 | (21,10) 168.467 | (21,10) 168.467 | (21,10) 168.467 | (21,10) 168.467 | (21,10) 168.467 | (21,10) 168.467 |
| (21,15) 224.62  | (21,15) 224.623 | (21,15) 224.623 | (21,15) 224.623 | (21,15) 224.623 | (21,15) 224.623 | (21,15) 224.623 | (21,15) 224.623 | (21,15) 224.623 | (21,15) 224.623 | (21,15) 224.623 | (21,15) 224.623 | (21,15) 224.623 | (21,15) 224.623 | (21,15) 224.623 | (21,15) 224.623 | (21,15) 224.623 | (21,15) 224.623 | (21,15) 224.623 | (21,15) 224.623 | (21,15) 224.623 |
| (21,19) 329.736 | (21,19) 329.739 | (21,19) 329.739 | (21,19) 329.739 | (21,19) 329.739 | (21,19) 329.739 | (21,19) 329.739 | (21,19) 329.739 | (21,19) 329.739 | (21,19) 329.739 | (21,19) 329.739 | (21,19) 329.739 | (21,19) 329.739 | (21,19) 329.739 | (21,19) 329.739 | (21,19) 329.739 | (21,19) 329.739 | (21,19) 329.739 | (21,19) 329.739 | (21,19) 329.739 | (21,19) 329.739 |
| (21,22) 336.931 | (21,22) 336.934 | (21,22) 336.934 | (21,22) 336.934 | (21,22) 336.934 | (21,22) 336.934 | (21,22) 336.934 | (21,22) 336.934 | (21,22) 336.934 | (21,22) 336.934 | (21,22) 336.934 | (21,22) 336.934 | (21,22) 336.934 | (21,22) 336.934 | (21,22) 336.934 | (21,22) 336.934 | (21,22) 336.934 | (21,22) 336.934 | (21,22) 336.934 | (21,22) 336.934 | (21,22) 336.934 |
| (22,22) 463.63  | (22,22) 463.634 | (22,22) 463.634 | (22,22) 463.634 | (22,22) 463.634 | (22,22) 463.634 | (22,22) 463.634 | (22,22) 463.634 | (22,22) 463.634 | (22,22) 463.634 | (22,22) 463.634 | (22,22) 463.634 | (22,22) 463.634 | (22,22) 463.634 | (22,22) 463.634 | (22,22) 463.634 | (22,22) 463.634 | (22,22) 463.634 | (22,22) 463.634 | (22,22) 463.634 | (22,22) 463.634 |
| (22,3) 164.868  | (22,3) 164.87   | (22,3) 164.87   | (22,3) 164.87   | (22,3) 164.87   | (22,3) 164.87   | (22,3) 164.87   | (22,3) 164.87   | (22,3) 164.87   | (22,3) 164.87   | (22,3) 164.87   | (22,3) 164.87   | (22,3) 164.87   | (22,3) 164.87   | (22,3) 164.87   | (22,3) 164.87   | (22,3) 164.87   | (22,3) 164.87   | (22,3) 164.87   | (22,3) 164.87   | (22,3) 164.87   |
| (22,7) 108.713  | (22,7) 108.714  | (22,7) 108.714  | (22,7) 108.714  | (22,7) 108.714  | (22,7) 108.714  | (22,7) 108.714  | (22,7) 108.714  | (22,7) 108.714  | (22,7) 108.714  | (22,7) 108.714  | (22,7) 108.714  | (22,7) 108.714  | (22,7) 108.714  | (22,7) 108.714  | (22,7) 108.714  | (22,7) 108.714  | (22,7) 108.714  | (22,7) 108.714  | (22,7) 108.714  | (22,7) 108.714  |
| (22,9) 168.465  | (22,9) 168.467  | (22,9) 168.467  | (22,9) 168.467  | (22,9) 168.467  | (22,9) 168.467  | (22,9) 168.467  | (22,9) 168.467  | (22,9) 168.467  | (22,9) 168.467  | (22,9) 168.467  | (22,9) 168.467  | (22,9) 168.467  | (22,9) 168.467  | (22,9) 168.467  | (22,9) 168.467  | (22,9) 168.467  | (22,9) 168.467  | (22,9) 168.467  | (22,9) 168.467  | (22,9) 168.467  |
| (22,10) 224.62  | (22,10) 224.623 | (22,10) 224.623 | (22,10) 224.623 | (22,10) 224.623 | (22,10) 224.623 | (22,10) 224.623 | (22,10) 224.623 | (22,10) 224.623 | (22,10) 224.623 | (22,10) 224.623 | (22,10) 224.623 | (22,10) 224.623 | (22,10) 224.623 | (22,10) 224.623 | (22,10) 224.623 | (22,10) 224.623 | (22,10) 224.623 | (22,10) 224.623 | (22,10) 224.623 | (22,10) 224.623 |
| (22,15) 329.736 | (22,15) 329.739 | (22,15) 329.739 | (22,15) 329.739 | (22,15) 329.739 | (22,15) 329.739 | (22,15) 329.739 | (22,15) 329.739 | (22,15) 329.739 | (22,15) 329.739 | (22,15) 329.739 | (22,15) 329.739 | (22,15) 329.739 | (22,15) 329.739 | (22,15) 329.739 | (22,15) 329.739 | (22,15) 329.739 | (22,15) 329.739 | (22,15) 329.739 | (22,15) 329.739 | (22,15) 329.739 |
| (22,19) 224.62  | (22,19) 224.623 | (22,19) 224.623 | (22,19) 224.623 | (22,19) 224.623 | (22,19) 224.623 | (22,19) 224.623 | (22,19) 224.623 | (22,19) 224.623 | (22,19) 224.623 | (22,19) 224.623 | (22,19) 224.623 | (22,19) 224.623 | (22,19) 224.623 | (22,19) 224.623 | (22,19) 224.623 | (22,19) 224.623 | (22,19) 224.623 | (22,19) 224.623 | (22,19) 224.623 | (22,19) 224.623 |
| (22,21) 336.931 | (22,21) 336.934 | (22,21) 336.934 | (22,21) 336.934 | (22,21) 336.934 | (22,21) 336.934 | (22,21) 336.934 | (22,21) 336.934 | (22,21) 336.934 | (22,21) 336.934 | (22,21) 336.934 | (22,21) 336.934 | (22,21) 336.934 | (22,21) 336.934 | (22,21) 336.934 | (22,21) 336.934 | (22,21) 336.934 | (22,21) 336.934 | (22,21) 336.934 | (22,21) 336.934 | (22,21) 336.934 |
| (23,23) 463.63  | (23,23) 463.62  | (23,23) 463.62  | (23,23) 463.62  | (23,23) 463.62  | (23,23) 463.62  | (23,23) 463.62  | (23,23) 463.62  | (23,23) 463.62  | (23,23) 463.62  | (23,23) 463.62  | (23,23) 463.62  | (23,23) 463.62  | (23,23) 463.62  | (23,23) 463.62  | (23,23) 463.62  | (23,23) 463.62  | (23,23) 463.62  | (23,23) 463.62  | (23,23) 463.62  | (23,23) 463.62  |
