iterations : 0
system_rhs : 0 0 0 2 0 0 0 2 0 2 2 0 0 0 0 2 0 0 0 2 0 2 2 0
delta_solution : 0 0 0 0 0 0 0 0 0 0 0 0 0 0 0 0 0 0 0 0 0 0 0 0
solution : 0 0 0 0 0 0 0 0 0 0 0 0 0 0 0 0 0 0 0 0 0 0 0 0

iterations : 1
system_rhs : 0 0 0 0.000670621 0 0 0 0.000670621 0 0.000670621 0.000670621 0 0 0 0 0.000670621 0 0 0 0.000670621 0 0.000670621 0.000670621 0
delta_solution : 0 0 0 0.000494662 0 0 0 0.000494662 0 0.000494662 0.000494662 0 0 0 -0.001 0.000494662 0 -0.001 0 0.000494662 -0.001 0.000494662 0.000494662 -0.001
solution : 0 0 0 0.000494662 0 0 0 0.000494662 0 0.000494662 0.000494662 0 0 0 -0.001 0.000494662 0 -0.001 0 0.000494662 -0.001 0.000494662 0.000494662 -0.001

iterations : 2
system_rhs : 0 0 0 0.000337694 0 0 0 0.000337694 0 0.000337694 0.000337694 0 0 0 0 0.000337694 0 0 0 0.000337694 0 0.000337694 0.000337694 0
delta_solution : 0 0 0 1.66027e-07 0 0 0 1.66027e-07 0 1.66027e-07 1.66027e-07 0 0 0 0 1.66027e-07 0 0 0 1.66027e-07 0 1.66027e-07 1.66027e-07 0
solution : 0 0 0 0.000494828 0 0 0 0.000494828 0 0.000494828 0.000494828 0 0 0 -0.001 0.000494828 0 -0.001 0 0.000494828 -0.001 0.000494828 0.000494828 -0.001

iterations : 3
system_rhs : 0 0 0 0.000170048 0 0 0 0.000170048 0 0.000170048 0.000170048 0 0 0 0 0.000170048 0 0 0 0.000170048 0 0.000170048 0.000170048 0
delta_solution : 0 0 0 8.36037e-08 0 0 0 8.36037e-08 0 8.36037e-08 8.36037e-08 0 0 0 0 8.36037e-08 0 0 0 8.36037e-08 0 8.36037e-08 8.36037e-08 0
solution : 0 0 0 0.000494911 0 0 0 0.000494911 0 0.000494911 0.000494911 0 0 0 -0.001 0.000494911 0 -0.001 0 0.000494911 -0.001 0.000494911 0.000494911 -0.001

iterations : 4
system_rhs : 0 0 0 8.56283e-05 0 0 0 8.56283e-05 0 8.56283e-05 8.56283e-05 0 0 0 0 8.56283e-05 0 0 0 8.56283e-05 0 8.56283e-05 8.56283e-05 0
delta_solution : 0 0 0 4.20991e-08 0 0 0 4.20991e-08 0 4.20991e-08 4.20991e-08 0 0 0 0 4.20991e-08 0 0 0 4.20991e-08 0 4.20991e-08 4.20991e-08 0
solution : 0 0 0 0.000494954 0 0 0 0.000494954 0 0.000494954 0.000494954 0 0 0 -0.001 0.000494954 0 -0.001 0 0.000494954 -0.001 0.000494954 0.000494954 -0.001

iterations : 5
system_rhs : 0 0 0 4.31185e-05 0 0 0 4.31185e-05 0 4.31185e-05 4.31185e-05 0 0 0 0 4.31185e-05 0 0 0 4.31185e-05 0 4.31185e-05 4.31185e-05 0
delta_solution : 0 0 0 2.11992e-08 0 0 0 2.11992e-08 0 2.11992e-08 2.11992e-08 0 0 0 0 2.11992e-08 0 0 0 2.11992e-08 0 2.11992e-08 2.11992e-08 0
solution : 0 0 0 0.000494975 0 0 0 0.000494975 0 0.000494975 0.000494975 0 0 0 -0.001 0.000494975 0 -0.001 0 0.000494975 -0.001 0.000494975 0.000494975 -0.001

iterations : 6
system_rhs : 0 0 0 2.17125e-05 0 0 0 2.17125e-05 0 2.17125e-05 2.17125e-05 0 0 0 0 2.17125e-05 0 0 0 2.17125e-05 0 2.17125e-05 2.17125e-05 0
delta_solution : 0 0 0 1.0675e-08 0 0 0 1.0675e-08 0 1.0675e-08 1.0675e-08 0 0 0 0 1.0675e-08 0 0 0 1.0675e-08 0 1.0675e-08 1.0675e-08 0
solution : 0 0 0 0.000494985 0 0 0 0.000494985 0 0.000494985 0.000494985 0 0 0 -0.001 0.000494985 0 -0.001 0 0.000494985 -0.001 0.000494985 0.000494985 -0.001

iterations : 7
system_rhs : 0 0 0 1.09335e-05 0 0 0 1.09335e-05 0 1.09335e-05 1.09335e-05 0 0 0 0 1.09335e-05 0 0 0 1.09335e-05 0 1.09335e-05 1.09335e-05 0
delta_solution : 0 0 0 5.37542e-09 0 0 0 5.37542e-09 0 5.37542e-09 5.37542e-09 0 0 0 0 5.37542e-09 0 0 0 5.37542e-09 0 5.37542e-09 5.37542e-09 0
solution : 0 0 0 0.000494991 0 0 0 0.000494991 0 0.000494991 0.000494991 0 0 0 -0.001 0.000494991 0 -0.001 0 0.000494991 -0.001 0.000494991 0.000494991 -0.001

iterations : 8
system_rhs : 0 0 0 5.50559e-06 0 0 0 5.50559e-06 0 5.50559e-06 5.50559e-06 0 0 0 0 5.50559e-06 0 0 0 5.50559e-06 0 5.50559e-06 5.50559e-06 0
delta_solution : 0 0 0 2.70682e-09 0 0 0 2.70682e-09 0 2.70682e-09 2.70682e-09 0 0 0 0 2.70682e-09 0 0 0 2.70682e-09 0 2.70682e-09 2.70682e-09 0
solution : 0 0 0 0.000494993 0 0 0 0.000494993 0 0.000494993 0.000494993 0 0 0 -0.001 0.000494993 0 -0.001 0 0.000494993 -0.001 0.000494993 0.000494993 -0.001

iterations : 9
system_rhs : 0 0 0 2.77237e-06 0 0 0 2.77237e-06 0 2.77237e-06 2.77237e-06 0 0 0 0 2.77237e-06 0 0 0 2.77237e-06 0 2.77237e-06 2.77237e-06 0
delta_solution : 0 0 0 1.36303e-09 0 0 0 1.36303e-09 0 1.36303e-09 1.36303e-09 0 0 0 0 1.36303e-09 0 0 0 1.36303e-09 0 1.36303e-09 1.36303e-09 0
solution : 0 0 0 0.000494995 0 0 0 0.000494995 0 0.000494995 0.000494995 0 0 0 -0.001 0.000494995 0 -0.001 0 0.000494995 -0.001 0.000494995 0.000494995 -0.001

iterations : 10
system_rhs : 0 0 0 1.39604e-06 0 0 0 1.39604e-06 0 1.39604e-06 1.39604e-06 0 0 0 0 1.39604e-06 0 0 0 1.39604e-06 0 1.39604e-06 1.39604e-06 0
delta_solution : 0 0 0 6.86361e-10 0 0 0 6.86361e-10 0 6.86361e-10 6.86361e-10 0 0 0 0 6.86361e-10 0 0 0 6.86361e-10 0 6.86361e-10 6.86361e-10 0
solution : 0 0 0 0.000494996 0 0 0 0.000494996 0 0.000494996 0.000494996 0 0 0 -0.001 0.000494996 0 -0.001 0 0.000494996 -0.001 0.000494996 0.000494996 -0.001

iterations : 11
system_rhs : 0 0 0 7.02982e-07 0 0 0 7.02982e-07 0 7.02982e-07 7.02982e-07 0 0 0 0 7.02982e-07 0 0 0 7.02982e-07 0 7.02982e-07 7.02982e-07 0
delta_solution : 0 0 0 3.4562e-10 0 0 0 3.4562e-10 0 3.4562e-10 3.4562e-10 0 0 0 0 3.4562e-10 0 0 0 3.4562e-10 0 3.4562e-10 3.4562e-10 0
solution : 0 0 0 0.000494996 0 0 0 0.000494996 0 0.000494996 0.000494996 0 0 0 -0.001 0.000494996 0 -0.001 0 0.000494996 -0.001 0.000494996 0.000494996 -0.001

iterations : 12
system_rhs : 0 0 0 3.5399e-07 0 0 0 3.5399e-07 0 3.5399e-07 3.5399e-07 0 0 0 0 3.5399e-07 0 0 0 3.5399e-07 0 3.5399e-07 3.5399e-07 0
delta_solution : 0 0 0 1.74039e-10 0 0 0 1.74039e-10 0 1.74039e-10 1.74039e-10 0 0 0 0 1.74039e-10 0 0 0 1.74039e-10 0 1.74039e-10 1.74039e-10 0
solution : 0 0 0 0.000494996 0 0 0 0.000494996 0 0.000494996 0.000494996 0 0 0 -0.001 0.000494996 0 -0.001 0 0.000494996 -0.001 0.000494996 0.000494996 -0.001

iterations : 13
system_rhs : 0 0 0 1.78253e-07 0 0 0 1.78253e-07 0 1.78253e-07 1.78253e-07 0 0 0 0 1.78253e-07 0 0 0 1.78253e-07 0 1.78253e-07 1.78253e-07 0
delta_solution : 0 0 0 8.76381e-11 0 0 0 8.76381e-11 0 8.76381e-11 8.76381e-11 0 0 0 0 8.76381e-11 0 0 0 8.76381e-11 0 8.76381e-11 8.76381e-11 0
solution : 0 0 0 0.000494996 0 0 0 0.000494996 0 0.000494996 0.000494996 0 0 0 -0.001 0.000494996 0 -0.001 0 0.000494996 -0.001 0.000494996 0.000494996 -0.001

iterations : 14
system_rhs : 0 0 0 8.97605e-08 0 0 0 8.97605e-08 0 8.97605e-08 8.97605e-08 0 0 0 0 8.97605e-08 0 0 0 8.97605e-08 0 8.97605e-08 8.97605e-08 0
delta_solution : 0 0 0 4.41306e-11 0 0 0 4.41306e-11 0 4.41306e-11 4.41306e-11 0 0 0 0 4.41306e-11 0 0 0 4.41306e-11 0 4.41306e-11 4.41306e-11 0
solution : 0 0 0 0.000494996 0 0 0 0.000494996 0 0.000494996 0.000494996 0 0 0 -0.001 0.000494996 0 -0.001 0 0.000494996 -0.001 0.000494996 0.000494996 -0.001

iterations : 15
system_rhs : 0 0 0 4.51994e-08 0 0 0 4.51994e-08 0 4.51994e-08 4.51994e-08 0 0 0 0 4.51994e-08 0 0 0 4.51994e-08 0 4.51994e-08 4.51994e-08 0
delta_solution : 0 0 0 2.22222e-11 0 0 0 2.22222e-11 0 2.22222e-11 2.22222e-11 0 0 0 0 2.22222e-11 0 0 0 2.22222e-11 0 2.22222e-11 2.22222e-11 0
solution : 0 0 0 0.000494996 0 0 0 0.000494996 0 0.000494996 0.000494996 0 0 0 -0.001 0.000494996 0 -0.001 0 0.000494996 -0.001 0.000494996 0.000494996 -0.001

iterations : 16
system_rhs : 0 0 0 2.27602e-08 0 0 0 2.27602e-08 0 2.27602e-08 2.27602e-08 0 0 0 0 2.27602e-08 0 0 0 2.27602e-08 0 2.27602e-08 2.27602e-08 0
delta_solution : 0 0 0 1.11901e-11 0 0 0 1.11901e-11 0 1.11901e-11 1.11901e-11 0 0 0 0 1.11901e-11 0 0 0 1.11901e-11 0 1.11901e-11 1.11901e-11 0
solution : 0 0 0 0.000494996 0 0 0 0.000494996 0 0.000494996 0.000494996 0 0 0 -0.001 0.000494996 0 -0.001 0 0.000494996 -0.001 0.000494996 0.000494996 -0.001

iterations : 17
system_rhs : 0 0 0 1.1461e-08 0 0 0 1.1461e-08 0 1.1461e-08 1.1461e-08 0 0 0 0 1.1461e-08 0 0 0 1.1461e-08 0 1.1461e-08 1.1461e-08 0
delta_solution : 0 0 0 5.63479e-12 0 0 0 5.63479e-12 0 5.63479e-12 5.63479e-12 0 0 0 0 5.63479e-12 0 0 0 5.63479e-12 0 5.63479e-12 5.63479e-12 0
solution : 0 0 0 0.000494996 0 0 0 0.000494996 0 0.000494996 0.000494996 0 0 0 -0.001 0.000494996 0 -0.001 0 0.000494996 -0.001 0.000494996 0.000494996 -0.001

iterations : 18
system_rhs : 0 0 0 5.77104e-09 0 0 0 5.77104e-09 0 5.77104e-09 5.77104e-09 0 0 0 0 5.77104e-09 0 0 0 5.77104e-09 0 5.77104e-09 5.77104e-09 0
delta_solution : 0 0 0 2.83744e-12 0 0 0 2.83744e-12 0 2.83744e-12 2.83744e-12 0 0 0 0 2.83744e-12 0 0 0 2.83744e-12 0 2.83744e-12 2.83744e-12 0
solution : 0 0 0 0.000494996 0 0 0 0.000494996 0 0.000494996 0.000494996 0 0 0 -0.001 0.000494996 0 -0.001 0 0.000494996 -0.001 0.000494996 0.000494996 -0.001

iterations : 19
system_rhs : 0 0 0 2.9064e-09 0 0 0 2.9064e-09 0 2.9064e-09 2.9064e-09 0 0 0 0 2.9064e-09 0 0 0 2.9064e-09 0 2.9064e-09 2.9064e-09 0
delta_solution : 0 0 0 1.42875e-12 0 0 0 1.42875e-12 0 1.42875e-12 1.42875e-12 0 0 0 0 1.42875e-12 0 0 0 1.42875e-12 0 1.42875e-12 1.42875e-12 0
solution : 0 0 0 0.000494996 0 0 0 0.000494996 0 0.000494996 0.000494996 0 0 0 -0.001 0.000494996 0 -0.001 0 0.000494996 -0.001 0.000494996 0.000494996 -0.001

iterations : 20
system_rhs : 0 0 0 1.4634e-09 0 0 0 1.4634e-09 0 1.4634e-09 1.4634e-09 0 0 0 0 1.4634e-09 0 0 0 1.4634e-09 0 1.4634e-09 1.4634e-09 0
delta_solution : 0 0 0 7.19545e-13 0 0 0 7.19545e-13 0 7.19545e-13 7.19545e-13 0 0 0 0 7.19545e-13 0 0 0 7.19545e-13 0 7.19545e-13 7.19545e-13 0
solution : 0 0 0 0.000494996 0 0 0 0.000494996 0 0.000494996 0.000494996 0 0 0 -0.001 0.000494996 0 -0.001 0 0.000494996 -0.001 0.000494996 0.000494996 -0.001

